-6.432094 -2.006451 1
-6.668024 -5.757563 2
-8.761286 -8.917004 2
-4.486690 -9.044855 2
-3.579336 -4.545326 2
-2.645264 -5.552666 2
-5.606861 -5.965249 2
-9.117685 -3.121598 1
2.953076 -7.010718 3
-9.406647 7.569872 0
3.108373 0.552877 4
0.117138 8.313837 0
-6.238301 -7.616879 2
-8.838065 4.398576 0
2.750701 7.616919 4
-1.758808 6.318607 0
-4.389532 1.573168 1
-9.438955 -3.150818 1
2.656165 -3.925646 3
-2.195673 9.076828 0
1.529027 5.159063 4
-6.475837 5.922167 0
9.193813 -5.593522 3
-7.199431 2.146891 1
-2.604240 -6.606078 2
-0.283237 -9.495868 2
3.946800 9.833900 4
8.817970 7.708498 4
-7.782979 9.979904 0
2.107075 4.967722 4
7.596823 -9.651733 3
1.286329 -6.792708 3
1.921434 1.847373 4
0.056475 -5.422401 2
7.921726 7.860802 4
-6.345572 -0.549246 1
3.019865 -2.821409 3
-4.627079 2.213678 1
1.585069 -1.826509 3
-5.639431 8.980829 0
1.567412 4.077332 4
9.484961 -4.485788 3
3.911233 8.302931 4
-6.777289 6.128254 0
8.282835 5.329785 4
1.095976 5.879659 4
5.678052 -7.617696 3
9.086950 -2.400514 3
4.229677 -0.856577 3
2.177085 2.151403 4
-2.995776 5.831513 0
-8.397842 -9.975911 2
-6.989896 -3.024921 1
2.237767 4.595173 4
5.148569 6.598337 4
3.576001 -3.284018 3
0.675669 3.060962 4
2.230195 -5.413099 3
1.363893 5.452906 4
-9.284845 -0.353273 1
0.782691 1.811131 4
-4.473615 -3.539258 2
4.193434 -5.386665 3
4.060228 -1.576890 3
3.756758 -3.762687 3
-9.425487 -9.239017 2
-7.931173 -7.823328 2
-9.214930 -4.921069 2
-0.848249 3.022838 0
9.674103 -5.699679 3
-0.378826 3.250105 0
1.016302 -9.703157 2
-3.688933 -6.753503 2
-5.116257 7.674959 0
8.699402 -4.401102 3
-2.678314 -0.517906 1
7.410028 2.848071 4
5.942836 1.603461 4
7.461407 0.003063 4
-9.973429 1.218164 1
6.240377 -9.398915 3
1.979146 8.309204 4
-7.222243 2.764216 1
-6.611866 1.929507 1
-4.212946 -6.937762 2
6.229828 5.408229 4
6.312344 -2.753869 3
5.705070 -7.376590 3
0.492628 -9.411186 2
-9.701631 -0.807970 1
-3.812289 -2.379945 1
8.674124 -6.402261 3
-9.531874 4.616959 0
5.201200 7.929531 4
-5.379977 5.227772 0
-0.852305 -9.139600 2
5.828857 -8.873159 3
9.169603 8.606613 4
3.891057 -7.442262 3
0.536121 9.678112 0
-4.380023 -3.234052 1
5.086338 -8.067680 3
4.012079 0.791409 4
-5.444270 -5.495294 2
1.380223 -5.145901 3
3.696737 7.567934 4
2.474154 2.370861 4
-8.834327 2.942280 1
-3.012180 6.366873 0
0.871811 1.607843 4
1.594645 -9.980494 3
2.468244 -2.576498 3
-8.853653 1.637848 1
-3.969884 5.037403 0
4.195585 6.566236 4
4.715514 9.815561 4
-6.667815 -0.198147 1
-8.252119 7.344263 0
-9.406738 -3.696389 1
-8.151030 1.973485 1
1.157711 5.545707 4
-0.458582 -6.368135 2
-2.083432 0.707092 1
6.574144 4.904388 4
-2.926035 -2.554044 1
-3.487769 8.668610 0
-2.534538 8.980474 0
-3.907888 -1.388191 1
0.618322 2.122227 4
-6.350788 -5.186093 2
-1.311537 8.364727 0
-5.370531 2.020647 1
-1.833421 -3.622650 2
-0.635089 -1.240159 1
2.680961 1.213882 4
-9.266674 -6.161328 2
-3.240411 0.274744 1
-2.529464 4.676157 0
-9.018164 -5.955319 2
-0.419455 -1.944199 1
1.490637 6.092775 4
-3.275589 8.956100 0
5.073251 2.816524 4
-2.432092 -4.308427 2
-5.061249 1.217119 1
0.505480 3.627214 4
-0.418154 5.134949 0
-4.352138 7.748425 0
-8.487701 5.012774 0
-3.491734 4.193260 0
-3.773345 -2.758408 1
8.031933 2.986245 4
7.516336 -4.497531 3
-2.337598 8.498173 0
-0.452850 7.242947 0
-3.446026 -8.962214 2
3.335724 3.278385 4
9.993885 -1.591025 3
-3.905091 -2.438206 1
4.100547 1.033660 4
8.778913 -5.393973 3
-5.339126 -1.639239 1
9.740976 0.308735 4
-3.890814 -8.746725 2
-4.678491 2.617453 1
5.446535 1.548165 4
9.859045 3.478468 4
-5.465590 7.375381 0
8.980938 2.196812 4
5.873554 -1.471913 3
-0.560242 -7.572472 2
-0.434126 -7.224518 2
5.705914 -0.440241 3
1.184456 -8.199177 3
7.121555 -4.714997 3
2.834482 5.900469 4
-0.108969 7.495358 0
-5.738770 -0.367993 1
-2.195908 0.370417 1
0.885283 3.125602 4
-7.012131 -3.668182 1
-5.326233 -7.153087 2
9.810286 -0.791824 3
-9.777705 8.791222 0
-8.595013 6.095850 0
-2.680691 0.844746 1
8.523376 6.885183 4
3.620228 4.229292 4
-3.555058 -5.195317 2
6.030115 -6.433503 3
0.089687 -1.135403 1
9.466965 9.980719 4
-3.640047 -6.271804 2
-0.387276 4.164045 0
4.098612 -9.501993 3
-2.710353 7.086481 0
-3.170176 1.963414 1
9.933395 -3.359890 3
-8.828410 -9.844310 2
-4.568666 -7.423423 2
6.251539 2.750643 4
3.421322 4.774916 4
-0.364174 -2.958450 2
-0.995792 6.080769 0
1.846232 -4.965677 3
9.647264 -8.064080 3
3.898920 9.114231 4
-8.083364 -9.741127 2
-7.157574 1.529361 1
4.422918 6.941038 4
2.027368 -8.287435 3
4.027519 8.857193 4
3.675980 3.960915 4
-4.502697 4.847569 0
4.116606 0.928637 4
7.424145 0.368145 4
-6.320721 0.845469 1
-4.856939 3.315105 0
7.887018 4.147268 4
-0.604127 -0.266750 1
9.181591 -0.956862 3
1.669169 3.080511 4
-1.842631 3.585806 0
3.339385 0.999794 4
-4.884832 -2.237697 1
-2.059167 7.142536 0
-0.525132 -8.031648 2
5.999727 -6.849153 3
5.929268 -8.502970 3
7.998415 0.045873 4
2.425667 5.422560 4
-9.585983 6.104946 0
-3.731972 -4.442923 2
-0.579948 -5.844955 2
9.704346 8.815924 4
3.888296 8.885939 4
-2.140938 -4.442535 2
1.966450 6.016430 4
9.143272 -4.694166 3
-2.983776 -5.741561 2
3.068137 4.957057 4
-8.599027 -7.456995 2
6.925409 7.400702 4
-4.306149 2.854677 1
8.897732 -6.307733 3
-7.099450 1.323400 1
9.114828 -6.685433 3
-2.571654 -4.617145 2
-1.128355 6.848396 0
-0.462099 -1.424008 1
5.664321 -6.573803 3
-2.538070 -6.476616 2
-1.016338 9.428379 0
9.539814 -1.873068 3
-5.265786 -3.443962 1
2.385370 7.802351 4
-8.486904 3.786345 1
-9.654644 8.438505 0
1.187046 -3.960793 3
1.293182 0.084778 4
-0.268525 4.193733 0
-8.591824 -1.153697 1
7.508299 -1.163477 3
4.229158 -3.620055 3
-4.315080 -6.232940 2
4.955935 -8.650759 3
-2.806744 -7.582134 2
-5.127375 6.176918 0
-8.153754 -5.587561 2
-5.696150 -3.419540 1
0.968476 6.689220 4
-5.617189 2.481573 1
0.475565 -5.271833 2
0.920077 -8.337389 2
0.767374 -7.786740 2
1.747389 -9.501151 3
6.406992 3.155565 4
-0.654848 3.915293 0
-8.007912 -6.425690 2
-9.704762 -2.322992 1
-2.658630 5.251173 0
-0.973751 4.534626 0
7.669041 3.898874 4
0.711544 9.515285 0
8.311314 5.015393 4
-3.904254 -0.720210 1
1.704615 0.478556 4
-8.238638 -7.819820 2
5.206723 2.681440 4
-6.157209 -4.025903 2
4.894700 5.590179 4
-3.527054 1.301693 1
-1.254255 5.818099 0
-4.783014 0.737833 1
9.392410 -4.487777 3
8.414841 -3.266221 3
-9.236604 -2.558910 1
-8.731594 8.432436 0
-8.660036 1.979950 1
7.947721 9.651278 4
-3.004658 -5.956533 2
-1.068933 8.699955 0
4.522023 0.692430 4
-9.119864 -0.271255 1
-6.626131 -5.277073 2
5.702843 8.268568 4
-9.686894 -7.824211 2
-0.429738 -0.941149 1
7.993887 4.787247 4
9.796684 7.386297 4
-9.700529 8.211525 0
-5.879924 -8.937132 2
-4.347385 -4.611518 2
9.495304 -3.007421 3
7.368431 7.443026 4
-3.356144 -5.636227 2
-8.513508 5.574924 0
-6.936270 6.008514 0
-3.732647 -6.056134 2
-4.262739 -0.358779 1
-1.333207 -8.559896 2
-2.090210 -1.020102 1
-6.384107 7.480051 0
8.038750 -8.390219 3
2.267300 7.835434 4
8.996078 2.566771 4
6.046959 -6.883846 3
3.629638 -8.300427 3
-1.495364 3.124942 0
-1.307848 -4.126933 2
0.567966 5.336008 4
0.236840 2.054459 4
0.910932 3.300570 4
-1.937026 7.178284 0
7.244436 3.800235 4
-3.180495 -4.088772 2
5.240339 4.729295 4
4.891127 8.856232 4
2.209348 2.929876 4
-9.533987 -5.523354 2
0.765309 9.462091 0
7.043417 -3.187733 3
-7.421756 0.673056 1
-1.488159 1.082880 1
-6.202003 7.203993 0
6.955946 4.365964 4
2.540001 -2.807213 3
-3.579576 -6.549067 2
-9.506643 4.483397 0
-9.370784 7.737793 0
-1.716368 -2.551279 1
-6.350979 -6.476028 2
-7.821983 8.540148 0
-7.619797 4.387363 0
1.470024 -7.153784 3
8.864010 -7.764667 3
-7.691693 5.907427 0
-0.952398 -5.113449 2
-3.419518 7.559441 0
5.969431 0.378480 4
4.763433 2.925379 4
-5.255556 -2.696566 1
-9.881834 1.164867 1
0.754367 -9.388477 2
-4.351735 1.383583 1
8.349316 3.931898 4
8.832304 -8.001662 3
7.455868 -8.989678 3
-9.461514 9.836071 0
5.397686 2.008510 4
-7.317712 4.261695 0
4.243843 -5.009405 3
0.169124 -6.708556 2
-0.122854 6.749605 0
-9.149115 -4.153422 2
-2.871915 5.614320 0
8.771955 1.872529 4
-7.082245 8.890121 0
-6.962604 3.672122 0
9.501646 -1.314339 3
-4.944295 7.850962 0
-7.382441 -6.111990 2
9.849298 -9.926572 3
-5.101668 -9.612215 2
9.909500 -9.703983 3
2.396294 -7.408212 3
4.557713 -3.359862 3
-2.417617 -5.273165 2
-0.068419 7.459528 0
-8.523560 0.782467 1
-6.693893 -1.395474 1
-3.603213 -7.921937 2
-9.522945 -0.685458 1
-9.031815 -6.485548 2
-7.013336 -9.530169 2
2.200112 -1.957632 3
8.320793 4.817672 4
1.930379 8.170092 4
4.891100 6.828711 4
8.557877 4.800600 4
7.124727 0.954171 4
7.392387 1.682440 4
7.594307 -5.025230 3
6.409275 -2.474110 3
-7.565701 7.885715 0
8.308357 -4.259595 3
-3.509758 -5.294856 2
-2.181532 -3.032703 2
4.019686 -1.213346 3
0.481749 7.006351 0
-0.743515 -7.318139 2
-4.951281 -2.422723 1
7.499533 6.979097 4
-4.252630 2.390633 1
3.807807 -5.694754 3
-2.808767 0.932533 1
5.259418 -5.416380 3
-7.385026 2.853725 1
-0.441610 9.024248 0
-9.620385 1.992688 1
6.909964 8.687971 4
7.733093 -6.599794 3
-6.606884 -4.448439 2
0.367503 7.412804 0
4.338215 -9.150749 3
4.419153 -6.405301 3
-6.468887 9.467873 0
1.171976 -8.969355 3
6.446970 6.919346 4
3.421278 0.254776 4
-8.775409 -9.387489 2
-8.812690 6.484009 0
-4.803870 -6.197717 2
-0.662267 4.754519 0
-7.173469 -0.282652 1
-3.252792 9.736496 0
-1.594681 -5.519699 2
-6.863298 1.798435 1
0.031862 3.504205 0
-0.788761 -5.629923 2
4.353456 -6.369608 3
-2.035224 7.884569 0
-6.901736 9.136751 0
8.915215 9.545233 4
6.056097 2.336493 4
-0.199991 7.280689 0
2.949003 0.987319 4
3.764697 8.145134 4
4.789601 -6.897570 3
2.899652 7.616135 4
2.819777 9.646860 4
7.352629 -8.774902 3
-5.872838 -9.510669 2
3.023534 4.159023 4
3.993536 -7.765228 3
8.529102 -1.653008 3
-4.134836 -3.506123 2
-3.768439 -1.036573 1
-4.369371 -4.853225 2
-1.491341 -8.313273 2
7.483269 8.308668 4
8.967415 0.432271 4
-0.704014 2.732113 0
-1.422597 -5.914412 2
5.834542 -8.522943 3
-8.298279 -1.345680 1
-8.876083 9.054352 0
-0.120582 -4.748922 2
9.543682 -7.097049 3
9.410103 3.537217 4
-4.862277 7.939203 0
-8.115790 1.002888 1
-5.566919 -1.884230 1
9.966314 0.063709 4
3.262545 -1.525026 3
1.750436 0.745812 4
-3.216358 0.717851 1
-8.821917 6.079628 0
-6.550037 -0.244514 1
-9.834784 9.284504 0
1.232543 -8.133062 3
-2.061175 2.356461 1
-9.078712 7.818243 0
7.607538 -9.535030 3
-9.278806 7.017639 0
4.002188 -4.141082 3
4.956844 5.886396 4
6.861805 9.389925 4
-5.997833 6.828119 0
-0.546366 7.264711 0
-4.696908 -8.795931 2
-1.989475 2.086735 1
1.921921 -0.811392 3
-1.833637 5.371883 0
8.944094 -1.668421 3
4.656387 0.176638 4
0.198518 -7.404787 2
-7.466903 1.119806 1
-9.586544 -9.859365 2
1.584777 -8.865350 3
7.158276 -4.413037 3
-3.006432 2.115120 1
-8.526640 -6.144628 2
1.505043 -4.524474 3
-9.316508 -9.041323 2
-7.259761 -4.013415 2
-7.837253 0.750763 1
8.073318 4.084667 4
9.939371 -3.760318 3
-0.543449 8.883465 0
4.571261 -5.887062 3
-0.939897 -5.230221 2
-3.291849 1.593201 1
5.889586 -2.878394 3
1.733836 -2.525639 3
-1.743744 -1.107889 1
3.061325 5.249825 4
-8.992769 4.534685 0
9.105198 2.512275 4
-9.989788 9.788689 0
3.470953 -7.249549 3
-4.224728 5.633699 0
3.501214 -6.151409 3
-0.281633 3.440585 0
0.088273 9.174917 0
2.324051 -5.340465 3
-6.712145 -8.615847 2
-0.570685 -0.003994 1
2.977354 -4.681100 3
7.117613 -5.288810 3
2.793262 -4.626131 3
3.603301 -4.145412 3
-9.376307 4.610531 0
-9.610727 9.728891 0
-2.877193 -9.600515 2
9.517578 -9.406241 3
-6.850065 -4.707150 2
6.227457 6.651150 4
-0.858559 -4.054175 2
0.091734 9.229715 0
-4.879258 -7.584216 2
-6.110750 -1.591402 1
-6.200063 3.318563 1
8.404604 6.777290 4
8.637465 5.522217 4
-8.511518 1.430726 1
-9.103913 5.091783 0
7.285313 -8.480220 3
-0.297686 7.674587 0
-8.751329 6.825121 0
8.074072 -9.233750 3
7.418879 -8.775993 3
-3.940899 3.646336 0
7.875154 5.200542 4
9.592161 -2.033111 3
4.430257 -5.287097 3
0.382672 8.319508 0
3.121501 4.182611 4
1.638071 1.526106 4
0.959902 0.275536 1
-2.951678 2.448382 1
-8.293737 -2.055592 1
-2.459835 8.991577 0
-0.535811 7.242479 0
6.666162 0.712860 4
4.067600 4.740234 4
1.479110 1.486478 4
5.964241 7.538210 4
-4.867186 3.839396 0
2.738752 -5.275025 3
-8.193714 -2.830991 1
-0.562122 2.188959 1
-4.511483 -7.440621 2
-3.628431 7.126587 0
4.085484 7.331470 4
-2.597876 -8.866195 2
-0.220147 -0.891614 1
-0.921785 7.320019 0
-1.900038 8.542402 0
4.562498 -5.233875 3
-0.744737 -1.369903 1
9.506359 -9.265627 3
-9.883425 5.470599 0
8.272583 -4.750610 3
-0.690004 1.011335 1
-0.025636 1.116282 1
8.180346 9.412243 4
-6.694760 -6.331138 2
-8.028379 -0.323192 1
-9.204550 6.057106 0
-2.991720 -1.802426 1
7.190910 6.788134 4
7.305960 -3.730876 3
4.108151 -4.594079 3
-5.188473 -1.329350 1
0.172045 4.066791 0
7.300747 -0.321596 3
4.801163 7.417322 4
-4.850996 3.073746 1
-7.333288 4.459000 0
-5.914919 2.641076 1
-4.424719 -7.734573 2
2.053318 -1.119479 3
-4.065711 4.024939 0
8.557331 -3.270261 3
0.082044 -4.434391 2
4.927312 -2.727046 3
-7.646257 2.233271 1
3.542078 6.461895 4
7.639193 8.353603 4
-4.867456 -2.188763 1
2.420395 -7.566709 3
7.489641 -2.778443 3
9.850615 -7.361354 3
-9.704698 -7.482674 2
7.097647 -5.619616 3
5.158403 -7.327073 3
-3.354189 -2.788279 1
1.553449 2.580099 4
-8.763340 0.110778 1
9.309837 1.318703 4
5.676388 4.237148 4
8.591656 8.030130 4
-3.529580 2.133734 1
4.492024 -5.890388 3
0.487338 9.624569 0
1.920851 -7.092267 3
-7.942140 -0.589508 1
0.129290 -8.091525 2
2.049137 0.424593 4
-5.574199 -0.853216 1
4.804976 9.584204 4
1.819711 -8.549213 3
-3.204076 -6.626842 2
4.030886 -1.967416 3
3.483936 3.340723 4
9.351288 -0.839676 3
-2.422128 7.942944 0
-2.809546 4.048292 0
0.076677 -8.317521 2
8.157906 -9.435984 3
-8.692953 0.078754 1
-6.528251 -6.635093 2
9.489246 3.601040 4
-4.726619 1.538383 1
-5.974369 -0.300817 1
-9.314833 8.830608 0
-0.716614 2.504878 1
-9.718606 6.079311 0
5.878037 4.312279 4
-5.888105 -0.638026 1
-2.346997 -6.536818 2
8.522299 5.230875 4
-8.593874 -4.287248 2
-0.720833 1.482803 1
-2.604770 -2.562928 1
2.046822 -1.297723 3
7.515827 5.518570 4
2.067184 7.005074 4
-0.880390 7.340567 0
-1.456543 3.145242 0
-2.960251 -0.771375 1
1.975849 6.323135 4
-8.266497 2.257242 1
2.402447 7.611540 4
-3.430478 6.514341 0
-3.026486 4.222526 0
9.977524 -4.504189 3
-0.546600 -8.616350 2
1.208564 8.732567 4
2.866454 8.603794 4
-3.830361 -5.086725 2
-2.693928 -6.314534 2
-9.568154 9.373257 0
-9.309461 -0.448545 1
6.713823 -0.766003 3
-7.303304 -6.246428 2
8.462622 4.672545 4
-9.923292 -9.803874 2
-3.070212 2.479154 1
7.807667 3.499310 4
-1.006505 -5.218820 2
-2.278165 -1.028981 1
0.276991 7.175234 0
0.354670 -8.514444 2
5.907803 -6.778876 3
-9.910650 -7.922559 2
-1.865601 -2.604578 1
-4.237092 -1.433755 1
-3.231321 -3.546553 2
8.117699 -6.517498 3
5.687445 -9.185603 3
-2.763925 4.150067 0
5.486942 -2.687218 3
4.346193 -7.583270 3
9.791937 2.153860 4
5.916040 -1.214568 3
6.935040 -6.362124 3
7.756451 -2.787969 3
-9.186890 -1.888880 1
-1.302413 6.720913 0
1.332244 -1.213063 3
8.798353 9.466642 4
6.182358 -5.438738 3
-1.967113 -7.048963 2
1.014709 -3.849413 3
-3.566460 -3.297846 2
-3.035016 3.669615 0
-9.147779 -7.548074 2
-9.017603 5.198414 0
-5.131344 -9.225666 2
-2.647725 -9.215303 2
-0.440234 -5.712686 2
-5.577427 -2.683783 1
1.499346 -4.764317 3
5.427337 -9.803067 3
-8.043405 -3.240419 1
-1.016131 -9.245049 2
-3.773777 -4.833772 2
-4.683788 4.259109 0
-1.882735 6.330921 0
-9.590302 4.550805 0
-6.966924 -2.625318 1
-1.779580 -6.114703 2
-0.173392 -0.797182 1
9.083712 4.695264 4
-0.022849 -3.564014 2
5.479961 9.536917 4
0.723300 9.902534 0
-3.146866 -7.777354 2
-4.861783 -7.719529 2
-7.580421 -2.905187 1
-0.959949 1.403448 1
-2.150237 5.266274 0
6.569675 3.165976 4
-0.474616 -5.313058 2
-0.503103 -0.064919 1
9.237747 2.529973 4
7.309763 -2.541833 3
6.415270 -2.863629 3
6.660984 5.498981 4
-8.168365 -3.361864 1
-8.065032 7.311596 0
-3.824947 2.658268 1
7.214130 3.028187 4
4.880915 -7.647652 3
5.308658 7.300493 4
-0.552839 -5.651291 2
-1.296058 7.296923 0
9.614983 -4.726382 3
0.462899 -0.859633 1
-0.039440 9.959795 0
9.075449 -0.801694 3
2.489769 6.385212 4
6.656473 -1.094961 3
-6.478417 3.317457 1
-5.595979 -4.646782 2
9.955593 -3.661011 3
-7.335185 -3.869353 2
8.997257 9.878944 4
9.158833 3.878173 4
-7.768707 4.467491 0
1.178666 1.678453 4
8.816200 9.882608 4
-1.024622 8.431183 0
-4.843773 9.438276 0
-2.428450 5.116787 0
9.398073 -3.353001 3
-5.684906 1.887841 1
-6.967789 -9.028433 2
-9.207119 -3.446206 1
4.289025 -4.803099 3
1.907013 4.244618 4
1.535891 4.571828 4
-9.624736 0.533148 1
4.450773 9.534098 4
-5.588679 6.682068 0
4.001590 5.589989 4
-1.639480 2.817791 0
5.472597 7.335899 4
1.248974 -9.371176 3
6.774176 8.820524 4
5.745611 6.172249 4
-4.532476 -9.939295 2
-1.939910 -1.500265 1
-8.967728 -1.147030 1
5.053529 5.321297 4
4.049872 -3.039458 3
-0.434086 -4.414237 2
-8.467631 -0.058821 1
6.118912 5.983142 4
-0.524723 -9.469768 2
2.665209 -6.523133 3
6.120220 -8.974271 3
6.294657 1.592817 4
8.361628 -2.456369 3
2.221642 5.135802 4
-3.635846 -2.032747 1
1.308050 1.831678 4
-1.972042 9.368141 0
-9.668588 -0.939771 1
-1.778890 5.384941 0
-5.618474 -7.729017 2
-7.654517 3.947440 0
-2.143254 -6.122149 2
-6.111381 -6.024343 2
9.860994 3.363896 4
-5.494110 2.526202 1
6.840763 -9.373890 3
3.551930 3.135420 4
2.218927 1.913558 4
-9.320949 -5.559432 2
-2.950640 -2.956795 1
2.407820 8.357412 4
8.874884 -9.564222 3
7.725552 9.206297 4
-0.503993 -4.053338 2
4.591238 3.877533 4
-1.782354 6.936720 0
-2.175027 6.074392 0
-9.185428 1.713592 1
-9.949951 -9.324433 2
-4.922511 -5.444061 2
3.201769 -8.081747 3
-4.817951 -3.246301 1
5.053673 7.400974 4
8.667257 5.732725 4
-8.158457 -4.283382 2
-7.224070 4.249363 0
-5.925971 -8.349187 2
4.685141 -8.200419 3
-9.142890 -5.818852 2
-2.253757 5.448347 0
8.058680 5.963888 4
2.385069 -4.116347 3
2.038280 3.199642 4
7.597244 2.088329 4
3.875208 -7.325266 3
6.644268 -2.923024 3
-5.407013 -8.173683 2
3.830675 9.646660 4
9.227293 2.497931 4
5.379385 -8.931165 3
8.214548 8.155313 4
5.318198 -7.711422 3
9.806128 0.003338 4
-5.911841 -9.336762 2
4.184485 1.834402 4
6.111586 2.243166 4
-2.201710 -1.503346 1
8.126820 9.836571 4
-8.303705 5.724064 0
1.924901 5.571503 4
8.398798 -1.430831 3
-7.351522 -7.008215 2
0.395487 6.479153 0
-7.361555 -0.377222 1
-1.022915 8.017828 0
0.691613 -2.808366 3
6.173143 -3.990189 3
-0.519788 5.979271 0
6.013149 3.568371 4
6.642508 0.197636 4
-4.597228 2.754092 1
-7.559198 3.201063 1
-8.749254 -9.432380 2
3.037634 -7.052959 3
6.291683 -5.037466 3
8.518543 4.690483 4
3.531703 -8.832979 3
7.682268 -6.072810 3
7.646175 -9.679288 3
3.549968 -3.376741 3
8.338541 -5.758419 3
3.814893 4.511684 4
0.251393 -6.704895 2
0.490953 -3.735457 3
6.863476 -2.866538 3
6.462177 -7.733752 3
9.887554 8.902981 4
5.467310 -8.861699 3
9.470600 -1.495056 3
-5.914658 5.762285 0
3.467478 -7.396114 3
0.452767 -3.000818 3
-6.229094 -1.864965 1
0.926371 -8.582919 2
-1.544254 -5.523661 2
-1.959661 -3.205712 2
-1.282080 -8.144768 2
-8.694029 8.969315 0
-4.849663 1.796926 1
-4.766143 -7.986187 2
8.930389 -8.303965 3
-5.719939 8.817944 0
-9.400984 9.747372 0
9.956244 -9.930384 3
-1.747684 -5.958414 2
5.831901 -8.280207 3
-3.354528 -3.715332 2
-1.281025 0.416379 1
4.419703 9.645346 4
1.833459 -7.124551 3
-5.878315 9.873798 0
-0.330263 2.839605 0
-8.270968 0.975708 1
1.808920 -3.120631 3
-7.227366 7.042776 0
-1.106817 -8.296978 2
8.738811 3.173243 4
-9.479034 9.337828 0
2.920614 -9.522790 3
9.407446 -8.827070 3
-5.481204 5.239346 0
-7.107277 1.164268 1
-8.475986 1.611698 1
-8.419353 5.943718 0
1.257044 3.414107 4
8.819166 5.378729 4
3.287907 -1.511096 3
-1.781666 5.016938 0
9.464611 -9.972746 3
-8.103693 -7.762754 2
7.070030 0.789490 4
-6.059732 5.808844 0
-6.037268 -5.538767 2
5.146671 6.883347 4
-5.061557 4.554117 0
8.056276 -0.542761 3
-0.206537 -9.051000 2
-9.378491 1.317477 1
2.560698 -7.797844 3
-2.738805 -6.182258 2
5.616262 -3.919639 3
9.196470 -1.095831 3
4.569264 -2.585196 3
-6.078893 4.033876 0
-2.557941 -4.182586 2
6.271122 -5.487910 3
6.606903 -9.788609 3
-9.679066 -9.430365 2
-5.327375 5.467606 0
7.452982 -0.388932 3
0.021723 5.509258 0
9.068308 9.815186 4
6.458260 9.689816 4
1.132662 -0.981043 3
-8.108028 8.393856 0
2.836699 7.508234 4
-5.525782 2.033169 1
-3.587598 9.043482 0
9.447973 0.333509 4
3.077360 -3.109967 3
6.150923 -0.651517 3
1.402122 2.757826 4
-0.440126 1.723057 1
3.327461 4.232498 4
-2.809338 0.780444 1
-6.156434 7.212385 0
-3.710298 -7.088127 2
7.027571 -7.252038 3
-7.398311 -1.839767 1
1.766919 -5.506340 3
-3.445911 -5.396382 2
-7.998106 1.028307 1
6.636787 -1.585704 3
0.071791 6.084761 0
8.747805 -6.850850 3
-7.025207 4.898728 0
2.497633 4.376917 4
-2.343445 -7.942493 2
-3.900027 -9.015984 2
6.290005 3.290636 4
1.764460 -9.866429 3
0.503021 8.054163 0
-6.954556 -2.469408 1
-9.197875 -4.352867 2
5.690825 2.569044 4
0.140793 -7.755086 2
7.172661 2.142687 4
3.273221 3.809447 4
-9.443017 -6.654989 2
-0.105792 9.304789 0
-3.505839 2.869001 1
4.203516 8.991793 4
-2.754082 -8.139929 2
-8.950700 3.345892 1
-7.155913 7.339304 0
-3.363472 4.608547 0
7.472876 7.139551 4
2.662710 -9.481680 3
-5.329858 3.464834 0
-3.834547 -9.639033 2
-3.966121 6.306246 0
-7.394119 -6.793460 2
-1.551067 5.879102 0
7.015987 -0.994084 3
9.224112 -3.089804 3
-1.689297 -4.281727 2
9.779198 -7.485780 3
