-2.426307 -3.749038
-0.885437 -0.160550
2.225683 -7.345742
-10.223812 2.432185
-0.343967 -7.808555
-6.373299 0.322423
-7.169309 3.697578
-3.414045 -5.164927
-6.565844 -4.026018
-5.532031 -0.400333
6.502864 4.376518
10.122752 2.061162
-5.784412 7.834217
1.408662 -8.076214
-5.843440 5.228745
-3.080893 -3.537823
8.863932 5.042961
-6.154223 -0.799685
-5.558542 1.414070
-7.016956 -0.972507
-6.694591 1.853992
8.684189 5.016600
0.842167 -10.412091
-9.975252 -1.922664
-6.790715 2.882421
6.398982 4.987110
7.949060 3.733257
-6.908020 0.961119
7.300846 6.030929
-2.058529 -7.688389
9.150826 3.805787
-7.073857 -2.704975
5.470690 3.790502
-4.762961 -6.765047
-3.898218 1.178914
-5.778193 1.214890
-6.500161 -0.733571
0.068125 -7.007927
-5.262980 -6.852913
-4.391753 -2.433786
11.530095 7.767161
-5.120342 -5.842872
-6.115784 -6.531452
-0.106974 -11.143471
-7.586889 -4.188095
0.180353 -8.578860
-2.942799 -5.388824
0.502512 -7.257754
9.811911 2.849023
-1.575534 -6.192464
-6.721137 -8.113854
-4.614430 0.465593
6.871708 2.720861
2.294090 -7.605072
-6.569795 0.120523
-8.934947 0.431225
-7.557320 1.955188
-6.768185 -3.589540
12.951794 5.562409
-9.604463 -5.115930
-4.771018 1.654142
10.497393 7.270495
-5.384740 -5.847237
8.364357 4.680295
-6.454314 -5.525255
-4.077520 0.311612
-8.514471 2.549434
-6.413597 1.835911
-5.138232 0.135172
1.649485 -8.120687
-6.355912 -4.291594
-3.094791 -6.741862
11.110263 1.417173
-4.061085 -9.008997
9.209172 5.863955
10.993671 0.599884
-7.875566 1.717207
8.449965 -0.542735
-2.274920 -1.502173
-2.575855 -0.236949
10.887341 1.747477
-5.423443 0.924038
10.163001 5.399752
-4.826055 -4.587613
9.595946 4.724019
6.635835 4.274582
-6.709057 -6.904329
9.188003 4.328793
-6.502784 1.347747
-4.375044 -6.743227
8.208717 8.233152
0.075312 -9.093781
7.112707 1.039513
-7.917902 0.538218
-2.167826 -10.024943
-3.831192 1.745709
-6.821958 -6.412269
-7.359435 4.646221
-7.636616 -9.239856
8.268672 5.777565
9.859118 1.965050
-4.067446 -5.619906
-9.488197 3.088103
-4.511667 -0.618683
-7.717072 -0.998562
-0.804817 -8.979180
-0.203003 -9.016429
-1.834536 -8.417050
-1.207161 -9.607817
1.018201 -10.493765
-0.749687 -12.394192
-6.603753 2.892922
-4.106785 -1.491709
-3.239600 0.615012
-2.929711 1.654157
-8.120646 -4.294294
8.745240 2.250348
8.115727 1.936276
0.909811 2.311009
-0.796447 -9.995735
-6.660729 -0.842763
7.486108 3.305802
9.434807 1.755917
-1.635176 -5.997614
9.664958 0.666141
11.024206 5.474748
-4.144961 -4.640998
-6.586665 -5.886811
-6.859771 2.056503
-4.789750 -7.845947
-1.021245 -13.778286
-4.562770 2.074595
-9.521695 3.034377
-5.023888 1.202686
-4.460109 -3.851386
-8.125731 2.613770
-12.334362 -3.253357
0.661180 -8.942931
0.824848 -8.088348
-3.771741 -4.640458
-6.067295 -5.620122
-7.681848 -1.125715
-8.501776 1.905159
-3.547437 -0.242549
-6.115795 2.870090
-4.728589 -1.327265
-5.808877 -8.007189
9.498931 3.369876
-2.684791 -2.864142
-6.290927 0.204933
3.262572 -10.811299
-11.030025 -10.985381
-2.773124 -3.236080
2.213868 -7.939636
6.974883 4.638020
0.546172 -9.546510
5.878775 5.101929
-2.906843 2.259718
-7.428708 -6.019603
8.033814 2.208566
-5.329995 4.567708
-0.884071 -7.910151
-5.210503 -3.803898
2.556052 -6.938356
-5.929349 -6.247463
2.183312 -7.672458
-5.187107 -5.234007
5.035773 6.055037
10.230795 5.805898
-7.539415 -5.628370
-5.564691 -5.432392
-1.497435 -10.466195
6.447094 1.781827
-9.606996 1.034326
8.462143 6.099948
-9.434368 6.461665
-6.361128 -6.228153
-3.446023 -3.632323
-6.218513 0.157434
-6.205709 1.402663
-7.316385 -3.210931
-4.680385 -0.487893
8.175439 4.886904
-6.399313 4.027689
11.107185 2.599967
-4.615146 2.946442
-7.395121 1.557316
-6.485587 2.871299
1.219844 -8.763892
7.845115 3.630430
-0.258366 -10.279067
-3.441362 0.200347
-5.753853 -1.816617
-1.338917 -6.553668
-6.424493 -3.260150
-4.580130 -6.517215
2.877700 -8.161222
-7.479098 -7.891098
-8.947248 -3.817973
-1.453000 -9.941687
2.367813 -8.153273
-3.235449 1.719702
-8.241807 0.446538
-3.584236 1.934102
-4.080609 -8.874655
-2.446412 -7.494109
0.462816 -6.920869
-6.814655 -5.866571
-5.859744 -1.977409
-3.668226 1.601176
-9.057483 -1.590775
8.638469 3.788034
-6.228812 -2.030798
-6.575856 4.065739
-6.691704 -3.391286
-6.788874 -6.687055
-7.030845 -1.801335
5.323014 5.438282
0.772663 -7.979960
-4.274461 -7.251597
-7.586726 -3.086842
-4.339573 3.102702
-4.251232 -0.982191
0.444964 -10.074267
-5.209084 1.181148
-5.961264 0.892826
10.313418 6.802611
-4.318504 -1.452783
-5.619207 -5.627245
-8.412292 -2.375744
3.195881 -9.389494
-2.875950 -7.303363
1.249680 -7.637602
-5.534020 -5.015864
6.324897 3.752413
-8.423493 -7.358266
-6.223317 2.356462
-5.322745 0.257895
7.879812 3.540113
-4.584100 -6.074810
7.654541 1.424103
0.979004 -9.554658
-4.852263 1.759270
-4.869993 -5.136688
10.495324 5.545520
3.559538 -10.870621
-2.774889 -1.753185
9.035850 4.902234
10.698682 2.801803
10.268343 4.392128
11.630114 7.481959
-5.654263 1.750083
-6.572655 0.157601
-4.393242 0.291752
-7.046695 -8.765235
-6.018511 -1.969640
7.852484 1.737878
-7.877637 3.754112
3.052368 -7.143199
-7.767687 -0.740806
-1.300629 -7.433954
-6.164954 5.215849
-5.563962 1.031282
-9.202036 -3.286678
-5.050712 1.567864
-3.485362 -5.795734
-9.966938 6.081057
-5.581999 4.097262
-5.011204 -0.320919
-6.496255 -2.797264
-6.991435 -4.898978
-7.090841 -8.680325
-11.916404 2.806809
-2.988209 0.233376
2.420568 -8.848968
-6.104024 1.922492
-3.455368 -2.692285
-4.771814 1.556651
-0.622378 3.062051
1.658190 -7.428719
7.764993 1.002254
-1.506631 -9.414212
-4.567364 3.362511
-5.890234 -0.018313
6.034465 3.056193
4.075917 -8.305396
-0.080334 -3.651186
-6.322317 -0.207669
-5.736084 0.650801
-0.973797 -7.823870
1.312151 -8.204242
-4.913253 2.259272
0.364737 -7.642465
-5.914966 -7.803737
-4.101295 -3.731439
0.569329 -10.495157
-6.394246 1.963149
8.996509 3.416637
-5.418547 0.277133
6.453587 6.911385
8.802773 8.381056
-6.322566 0.251484
-3.797446 2.911060
-1.446177 -8.235748
1.669471 -7.152854
-9.742980 -8.134578
-7.590595 -6.298505
2.981744 4.258268
10.440553 5.355134
11.098374 2.453128
2.315848 -9.306436
-3.840507 0.374960
12.080208 3.621868
-7.379599 -4.992217
-9.047658 -8.973175
1.712232 -9.923100
-5.534328 -2.718437
1.126266 -9.222490
-6.254410 -7.410277
-2.219786 -12.158257
-5.887369 -1.374772
3.692826 3.335685
-1.460671 0.274304
2.222455 -5.476950
-5.225035 1.113307
-4.231445 4.426820
1.771204 -10.327723
-7.283832 -1.694211
-2.146219 -8.859492
-4.523814 3.632902
-4.529566 -9.063190
-6.467927 -4.312006
-9.077888 -1.279679
-4.660496 3.108390
7.000572 4.185171
-8.577713 -1.446994
8.041298 3.065990
2.957078 -6.547094
-5.608992 -5.128766
-3.408656 0.455552
0.895986 -10.720367
-5.917487 -9.710547
-6.426469 -1.942112
-7.061800 -8.476637
-3.163730 -0.043436
-5.857382 1.695004
-3.234792 0.728474
7.511273 1.230956
7.762863 5.148832
-3.313600 -2.193996
-5.888475 -7.339267
-6.770647 -4.484771
-0.678545 -11.042349
10.459607 4.298180
-6.882681 3.512767
-0.669900 -8.680666
-6.025353 1.822517
10.471615 3.373968
1.272555 -8.797873
-2.318802 -0.089389
-2.122151 1.452174
2.547481 -6.828668
-4.786934 -4.501255
-5.307664 3.472924
-2.140313 -3.753316
-3.617427 2.587344
-3.899906 0.610295
2.140969 -8.768696
-5.350602 1.165014
-10.294863 2.805259
-5.455684 -4.379638
-10.423220 -10.064142
-6.219626 2.685817
5.048822 2.361413
-7.377006 0.254421
-7.006617 -7.744073
-7.759935 -5.191862
-4.870243 -4.407310
-9.333387 -6.487154
-5.034344 -0.016388
3.247285 -7.939552
-9.676823 2.118055
-5.291431 -4.451502
-6.849920 1.817203
-8.077084 0.005325
-2.480343 0.812123
-5.168765 3.130341
7.905704 5.555047
1.798629 -7.627050
-6.043107 -5.107624
0.783136 -7.485809
-5.928712 3.530506
-2.918423 -2.757441
-4.614149 2.920887
-0.424676 -7.917175
-4.769861 -4.505642
-2.336562 0.704491
9.365578 5.836054
-8.349138 4.399078
-1.744513 -4.726134
-6.172488 -4.045600
-5.622942 -0.056483
-2.120627 -8.584124
-6.218108 0.109635
-5.979978 4.259893
-8.330263 -0.414779
-4.108204 -0.138029
-4.892709 -5.453530
-5.961391 0.522678
-5.624712 1.153560
-6.180745 0.279592
0.178350 -9.788864
0.565555 -8.574619
-1.764796 -8.632687
-6.169942 2.096049
-6.576314 -0.680218
9.423088 3.751073
-0.433606 -5.738770
6.570680 4.119510
-6.425925 1.591020
10.366982 1.058582
5.582771 5.350060
3.367690 -6.670720
-3.699514 2.810721
-4.593901 -0.236991
-9.782022 -2.937095
-0.735291 -7.512314
-9.622673 -1.396104
-6.073402 0.560846
9.067127 3.587439
-6.868806 -7.291084
-7.447474 -5.399225
-5.350448 -6.480232
-0.086536 -11.045007
9.050515 4.081151
-4.649351 -9.423730
-6.170986 -6.442947
-6.523099 -0.297417
-4.835749 3.983275
-4.167067 -2.675037
-0.243642 -7.524782
0.531840 -7.922906
2.202351 -6.830316
-6.777139 -4.754789
-6.661500 -6.138267
9.159863 6.507704
-6.550852 0.331808
-4.227798 0.831985
0.211503 -9.814467
9.580548 3.187232
0.469023 -8.009998
-5.252790 0.394164
10.723557 7.094600
-4.727142 -4.086090
10.351038 5.338599
6.271044 4.765928
7.051637 6.058985
-6.125913 1.162526
-6.807419 2.951982
9.627233 6.047096
-6.147825 -0.804378
-1.655455 3.304697
0.512806 -7.047718
-4.524309 -6.347731
-2.786740 4.678750
9.979622 3.970970
-5.664402 0.135874
-3.521296 2.441255
-1.757123 -8.752378
-6.603093 2.409405
-5.347484 -4.169108
9.933437 -0.364247
-5.609201 -1.564916
-1.419295 -6.194903
-0.432521 -5.383665
-5.629630 -5.231481
-5.765005 -9.062334
-2.943943 -0.297210
-10.177452 0.328929
-5.151738 -3.509523
-2.563524 -1.939281
6.879450 4.856789
-5.504906 -5.848727
-1.148858 -5.644235
-4.560706 0.186729
-6.695428 3.023387
0.090754 -4.790218
-6.453371 -3.529138
-6.787388 -6.308634
-5.833593 0.421725
-4.261378 -1.234669
-0.757575 -14.347966
-9.279356 -7.197743
10.502514 5.026251
-5.693693 -3.387649
-10.095655 -1.571503
-6.322066 1.854216
-8.205896 -9.106789
0.543603 -6.998471
-3.382850 -11.940212
-6.322846 6.248723
2.596798 -10.636452
8.511651 7.194950
8.438551 4.114309
-5.548776 -6.166337
-6.914341 3.649860
-6.891882 -2.168894
-5.196453 3.358257
11.931106 2.191210
8.602020 1.510334
-9.189434 0.932671
-5.941122 1.965054
0.541659 -0.673603
1.004912 -8.887569
-7.295241 0.202188
-1.210427 -5.441750
-4.023128 1.567974
3.190571 -10.995876
-6.612083 -5.782072
6.591949 8.173523
-0.268391 -7.876938
5.902359 2.596897
0.063442 -10.443687
3.115036 -7.766624
-7.337745 0.431026
13.691254 4.517249
-3.545067 1.838421
9.495106 1.098912
-7.159861 -6.340180
-1.168144 -7.923332
-7.729923 2.967684
9.584566 2.591929
-3.434474 0.673975
-7.406984 -0.307308
-1.137556 -6.617318
6.875877 4.370338
-0.689683 -8.064144
-6.531153 -6.024239
-8.771421 2.407875
-3.523562 2.499858
11.419546 1.801740
-1.403566 -1.286682
-3.946534 -0.893421
-1.561957 -11.669233
9.310643 3.252860
-2.646637 -7.419454
9.068707 5.020147
-3.487763 -1.568738
-4.433976 -2.174936
-3.571958 0.317340
-8.750569 -8.826637
0.532372 -10.032500
-5.801952 -6.967706
1.391560 -9.146157
-9.104746 -1.128880
-3.771504 2.460188
-6.991676 5.409243
-4.367436 -4.693119
-3.817377 -0.569841
-4.884309 2.722505
-3.504346 3.481811
-9.973484 2.114518
-2.297884 1.094181
12.227442 4.642350
-1.489380 -9.998378
-3.845308 -8.835439
10.851399 1.354372
-9.274380 0.526791
-5.042072 3.179322
-5.962508 -11.167110
0.725817 -9.627251
-6.445488 -7.408908
0.969780 -7.695883
-3.610170 0.512859
-5.886930 -7.966762
10.232123 1.765338
-8.618700 2.490514
-7.770097 1.523126
-5.700627 3.031387
-6.374568 0.658920
-6.929802 -9.549604
-1.500593 -2.077919
-0.436542 -8.535327
-6.406489 -1.417348
-7.854923 4.103584
-2.767606 -1.081408
5.902271 0.685920
5.682173 0.881521
0.665158 -8.663478
-2.965802 2.490393
-1.141403 -9.254506
-2.219125 -4.439703
-5.863789 0.300754
5.097667 -6.439051
-4.145633 -0.153830
-3.663922 3.115569
-4.359087 -1.426745
-7.128563 -0.477020
1.009881 -9.204392
-0.409798 -6.631594
-5.339713 -1.054842
11.618777 1.758401
-4.140354 -2.404536
1.299998 -8.200568
-5.485714 -4.111463
9.492661 3.911101
0.756495 -8.520992
-8.168701 0.500140
-6.436563 0.190000
10.364120 3.744392
-0.440726 -9.316278
10.277319 1.612301
-6.599204 3.750538
6.664027 3.561575
-3.309722 -0.988276
-5.016681 -5.742988
-4.084814 0.431229
1.337064 -9.397665
-4.856954 -3.573592
2.069627 -10.247969
-3.241877 -2.707263
-4.631587 2.406876
0.333070 -12.732116
1.608364 -7.642846
-4.950865 3.416428
-5.536006 2.927357
-7.647210 1.592925
-2.380735 -0.543754
0.001351 -8.114664
-7.958582 -3.587545
-6.043002 1.424783
-3.902085 3.854228
-2.171548 -10.121744
-8.383286 -2.961058
-3.160835 -2.016161
-6.917093 -0.062621
7.441225 1.347138
-4.292150 -0.171846
8.424327 5.307763
-5.568203 1.311128
-5.012499 -3.577926
12.219885 7.298242
-9.136355 1.324031
-6.210734 2.748615
-8.383405 4.869243
-2.903183 2.690121
-1.216243 1.673076
-7.211845 -2.190180
6.151599 5.036917
-3.923826 1.506215
4.957943 -9.575752
-3.261642 -7.500207
-1.029369 1.549323
-0.497621 -10.454117
-6.866495 -0.313861
-4.893742 -6.642096
-7.569335 2.731789
-4.623142 0.696033
0.769131 -8.758074
-3.930047 2.117177
-1.672724 -5.406472
9.423917 2.957441
8.691459 5.100142
7.429542 1.562564
-8.965700 -7.270888
-10.137163 -6.880673
-3.088624 -0.480722
0.013879 -4.719627
2.754670 -7.018116
-4.969885 1.504070
-9.804438 1.408578
8.929501 6.297718
-7.143715 1.065908
-8.171407 2.875550
-9.782545 0.462293
-7.505453 0.846913
-4.175490 -0.769151
-7.095305 0.460619
-6.559187 -7.247826
-7.196579 -11.797241
-7.732078 5.169337
-8.551414 1.847601
-2.763451 1.930153
9.434341 7.169526
-7.625881 -7.018561
8.638872 1.343585
-0.390612 4.580725
-0.890443 -7.555624
-8.054628 -0.930510
-5.774904 2.548956
0.317129 -7.299113
-6.077842 0.024542
-2.164645 -9.194115
0.673001 -9.381971
-4.379089 1.668074
11.827541 -0.096905
-7.325317 2.614790
-5.416980 0.407308
-7.286106 -2.030580
-11.739408 2.261333
-6.772701 4.099212
9.378452 2.622005
-1.220322 -8.994341
-4.143056 3.493214
-8.350204 3.297598
10.345417 1.635998
-4.219717 -2.556439
0.640652 -12.144526
-5.346922 4.871619
-8.145864 -7.897101
-0.569959 -8.540825
-8.671001 3.028100
-6.235042 2.142756
-5.016818 -7.556964
8.002053 4.464722
-7.926911 3.320814
-5.475672 1.744704
-8.857043 -6.707054
-6.831362 0.743660
8.890431 4.623967
-6.120846 -8.307441
-1.137050 -1.298172
9.497784 5.781857
-3.832296 -2.747005
-1.606183 -8.574306
10.888466 1.104064
-2.094757 -0.245789
10.345007 2.799027
-4.500865 -6.838249
-5.729232 1.343544
-8.489678 1.262477
-4.482642 -1.135153
-4.453188 -6.176012
-6.510686 -7.653024
-3.741540 3.466628
9.396745 3.123838
-5.398858 5.414329
-6.324395 0.750458
7.436124 3.836798
-3.906052 -2.600653
6.988336 3.848776
-6.318160 -4.214282
-9.088875 -7.165876
0.465795 -8.367880
0.492853 -7.688712
-5.513653 2.381156
-7.652735 -4.743962
-3.604913 1.436517
-2.588895 -3.187810
-5.520267 4.570401
11.768789 4.422273
-4.627917 1.452207
-0.683102 -4.677794
-6.333462 5.576870
-4.848330 1.803877
-5.732872 1.162493
-5.944400 -5.475292
10.549748 1.668031
-6.692922 1.437973
-2.645014 -9.194930
8.732141 4.011227
-6.120383 -5.144869
-5.294936 2.340383
-0.023504 -11.034177
-3.583093 -8.069245
6.716801 1.099542
8.382587 0.514607
-6.017582 -7.109580
-6.649477 1.768757
10.275421 3.114040
-4.232568 -4.809450
-6.137980 0.004087
-4.806356 -1.808468
-3.590665 0.701563
-2.548396 0.558220
3.389309 -7.034756
-4.892130 -6.193069
-6.250640 1.155770
-3.803956 2.399866
-0.400925 -9.475411
-5.195692 1.311177
2.454604 -9.032965
1.807480 -9.601557
10.720376 2.735760
12.299784 4.802869
0.023021 -11.067578
7.839698 0.516068
-10.228260 1.177917
0.498786 -13.139412
-4.665679 -0.102394
2.599303 -9.966647
-8.596899 0.151135
10.111300 2.927171
-7.783784 2.706853
-4.016955 -0.489691
0.360271 -8.510558
-5.339326 3.862866
-5.494776 -4.368786
-1.174192 -8.003933
-7.379509 1.082494
-6.143167 -4.541418
-4.759983 -6.659696
-5.999742 -4.018853
10.318755 4.592158
-4.898462 -2.459323
-1.515708 -0.368535
-4.927884 -3.032994
0.542210 -8.606878
-5.996805 1.176307
-5.246031 -0.669695
-5.112990 1.513224
-2.661516 -7.133405
9.725646 5.760441
11.618001 3.469620
-5.262008 0.000748
-4.660196 -1.007132
-4.535715 -8.805706
0.035108 -7.318160
2.526988 -6.842848
-6.408772 -0.206623
-7.592128 -5.447884
-9.273249 -6.125991
-2.002220 -1.212353
-3.996537 5.573905
4.407969 2.143719
-3.868952 -4.699515
-6.737915 1.748092
-2.756475 -4.806887
-3.190532 -3.070923
-7.322633 -6.773745
-6.379423 3.121198
-4.909876 0.841397
3.258090 -5.929252
0.670157 -10.383754
9.946418 7.381681
-7.027782 -2.968082
0.379926 -7.937200
11.837888 4.869921
-7.399581 0.984304
1.630822 -7.469756
-3.989410 1.977908
4.751318 4.730185
14.344156 7.234762
-6.590957 -0.215108
-2.747375 -7.270092
-9.902679 -6.544941
-3.993313 -0.432517
-6.414747 -7.076326
-6.313221 -1.369176
-3.374699 -6.359912
-8.114527 0.495817
6.736883 -0.195811
-4.859095 0.363646
-8.897957 0.153131
-3.401945 2.585367
9.324067 2.745654
-4.886828 -3.794769
-4.155834 1.700321
-6.171537 -4.161244
9.594690 0.715996
3.251414 -10.034075
-1.137670 -6.467445
7.105407 4.052337
6.483131 -1.137561
-7.893548 -5.220105
-2.621667 1.269881
-2.126791 -9.140421
0.129616 -10.619490
-3.929145 -1.025479
10.233190 4.617346
-6.593178 1.255334
7.030875 6.537803
-5.865124 -0.128005
11.249550 2.279843
-7.204350 2.600773
8.252460 8.183323
6.839542 1.970247
-5.777751 -7.370806
-7.397863 4.287837
-2.457025 -7.681125
-2.354326 -1.416443
-7.774848 0.769560
8.989983 2.725587
-6.007131 -1.152610
-5.316697 1.182855
-6.074646 4.257766
-1.204240 1.179121
-8.590618 -6.218834
-7.863527 0.191711
-5.748038 -5.567139
11.115818 1.196933
-10.270794 3.669817
0.759839 -11.149558
-5.201584 1.541244
-3.509050 0.568502
8.500144 1.990600
-2.836611 0.358427
-6.984617 -5.496129
-2.670586 -0.843397
-7.748641 -8.802134
0.835379 -6.497043
-7.333427 -6.690845
-7.275941 6.488524
1.923927 -10.681219
1.342041 -5.812762
-6.689829 1.119255
-5.510559 -2.424249
9.852268 3.312386
9.086869 2.825270
10.360147 4.384102
-2.048448 -0.650856
-7.558333 -3.843546
-6.257310 -6.076066
-3.100175 -7.147367
1.084508 -11.202230
-5.892292 -5.363877
9.934256 3.810293
-6.387314 -9.094361
12.899166 5.868217
-5.928608 0.859123
-6.081667 -4.292278
-7.051689 1.625245
7.010656 1.763522
-9.026030 0.084184
-6.719917 -3.416100
-5.904128 0.602751
12.341883 5.861557
-0.628107 -0.486641
-6.955044 -3.208927
-0.851411 -8.520826
6.648685 1.899693
7.579926 0.322721
8.855697 5.821388
9.162086 5.152460
-1.239689 -6.864492
-8.811359 -2.658889
9.529436 -0.268894
-4.281089 1.034527
9.483443 4.691099
13.060820 5.161954
-7.915857 -7.109489
9.241387 1.876925
-8.693331 -1.240461
-5.426146 0.718629
-6.639207 -3.003368
3.050828 -10.000823
-2.185697 5.676246
-2.513787 -6.164651
-4.418298 1.682366
-3.581189 0.159330
0.192124 -5.736232
-7.443759 -1.323307
-6.985560 -1.773239
-6.339614 2.287298
9.714581 2.254306
-5.038209 -6.286315
-6.495381 -4.712032
8.429849 5.531273
1.585033 -5.570230
-7.387361 -1.958468
-1.322466 -8.315354
-7.032069 -1.714167
-7.035696 0.964173
0.320958 -9.480943
10.403082 2.470903
-5.069458 -5.616740
1.461445 -3.038722
-6.917037 -6.840961
-1.044608 -6.532123
8.507113 3.803460
-5.115050 -1.641555
-1.592717 0.157172
-5.454518 1.288346
8.341253 2.972516
4.399665 -10.049387
-7.847862 -4.761898
-4.379917 -7.146648
-4.436262 -6.758171
-1.121201 0.903556
-2.434099 -5.192258
10.355769 2.359641
-2.768210 0.722659
-0.109712 -9.168312
-5.624785 -7.213651
-2.043842 -8.798955
-8.127732 -0.771508
10.441293 5.608613
-7.694953 -4.426223
0.428405 -10.578657
-5.641280 1.420219
8.999188 5.435315
-9.182178 0.303040
5.476091 3.445046
-4.060532 1.858291
4.313604 -10.095233
9.932405 5.702466
1.650278 -5.720623
-8.256864 3.038918
-2.935435 -3.408762
-5.777893 -0.637241
