-2.426307 -3.749038 0
-0.885437 -0.160550 3
2.225683 -7.345742 2
-10.223812 2.432185 3
-0.343967 -7.808555 4
-6.373299 0.322423 3
-7.169309 3.697578 3
-3.414045 -5.164927 0
-6.565844 -4.026018 0
-5.532031 -0.400333 3
6.502864 4.376518 1
10.122752 2.061162 1
-5.784412 7.834217 3
1.408662 -8.076214 2
-5.843440 5.228745 3
-3.080893 -3.537823 0
8.863932 5.042961 1
-6.154223 -0.799685 3
-5.558542 1.414070 3
-7.016956 -0.972507 3
-6.694591 1.853992 3
8.684189 5.016600 1
0.842167 -10.412091 4
-9.975252 -1.922664 0
-6.790715 2.882421 3
6.398982 4.987110 1
7.949060 3.733257 1
-6.908020 0.961119 3
7.300846 6.030929 1
-2.058529 -7.688389 4
9.150826 3.805787 1
-7.073857 -2.704975 0
5.470690 3.790502 1
-4.762961 -6.765047 0
-3.898218 1.178914 3
-5.778193 1.214890 3
-6.500161 -0.733571 3
0.068125 -7.007927 2
-5.262980 -6.852913 0
-4.391753 -2.433786 0
11.530095 7.767161 1
-5.120342 -5.842872 0
-6.115784 -6.531452 0
-0.106974 -11.143471 4
-7.586889 -4.188095 0
0.180353 -8.578860 4
-2.942799 -5.388824 0
0.502512 -7.257754 2
9.811911 2.849023 1
-1.575534 -6.192464 4
-6.721137 -8.113854 0
-4.614430 0.465593 3
6.871708 2.720861 1
2.294090 -7.605072 2
-6.569795 0.120523 3
-8.934947 0.431225 3
-7.557320 1.955188 3
-6.768185 -3.589540 0
12.951794 5.562409 1
-9.604463 -5.115930 0
-4.771018 1.654142 3
10.497393 7.270495 1
-5.384740 -5.847237 0
8.364357 4.680295 1
-6.454314 -5.525255 0
-4.077520 0.311612 3
-8.514471 2.549434 3
-6.413597 1.835911 3
-5.138232 0.135172 3
1.649485 -8.120687 2
-6.355912 -4.291594 0
-3.094791 -6.741862 4
11.110263 1.417173 1
-4.061085 -9.008997 4
9.209172 5.863955 1
10.993671 0.599884 1
-7.875566 1.717207 3
8.449965 -0.542735 1
-2.274920 -1.502173 3
-2.575855 -0.236949 3
10.887341 1.747477 1
-5.423443 0.924038 3
10.163001 5.399752 1
-4.826055 -4.587613 0
9.595946 4.724019 1
6.635835 4.274582 1
-6.709057 -6.904329 0
9.188003 4.328793 1
-6.502784 1.347747 3
-4.375044 -6.743227 0
8.208717 8.233152 1
0.075312 -9.093781 4
7.112707 1.039513 1
-7.917902 0.538218 3
-2.167826 -10.024943 4
-3.831192 1.745709 3
-6.821958 -6.412269 0
-7.359435 4.646221 3
-7.636616 -9.239856 0
8.268672 5.777565 1
9.859118 1.965050 1
-4.067446 -5.619906 0
-9.488197 3.088103 3
-4.511667 -0.618683 3
-7.717072 -0.998562 3
-0.804817 -8.979180 4
-0.203003 -9.016429 4
-1.834536 -8.417050 4
-1.207161 -9.607817 4
1.018201 -10.493765 2
-0.749687 -12.394192 4
-6.603753 2.892922 3
-4.106785 -1.491709 3
-3.239600 0.615012 3
-2.929711 1.654157 3
-8.120646 -4.294294 0
8.745240 2.250348 1
8.115727 1.936276 1
0.909811 2.311009 3
-0.796447 -9.995735 4
-6.660729 -0.842763 3
7.486108 3.305802 1
9.434807 1.755917 1
-1.635176 -5.997614 4
9.664958 0.666141 1
11.024206 5.474748 1
-4.144961 -4.640998 0
-6.586665 -5.886811 0
-6.859771 2.056503 3
-4.789750 -7.845947 0
-1.021245 -13.778286 4
-4.562770 2.074595 3
-9.521695 3.034377 3
-5.023888 1.202686 3
-4.460109 -3.851386 0
-8.125731 2.613770 3
-12.334362 -3.253357 0
0.661180 -8.942931 2
0.824848 -8.088348 2
-3.771741 -4.640458 0
-6.067295 -5.620122 0
-7.681848 -1.125715 3
-8.501776 1.905159 3
-3.547437 -0.242549 3
-6.115795 2.870090 3
-4.728589 -1.327265 3
-5.808877 -8.007189 0
9.498931 3.369876 1
-2.684791 -2.864142 0
-6.290927 0.204933 3
3.262572 -10.811299 2
-11.030025 -10.985381 0
-2.773124 -3.236080 0
2.213868 -7.939636 2
6.974883 4.638020 1
0.546172 -9.546510 4
5.878775 5.101929 1
-2.906843 2.259718 3
-7.428708 -6.019603 0
8.033814 2.208566 1
-5.329995 4.567708 3
-0.884071 -7.910151 4
-5.210503 -3.803898 0
2.556052 -6.938356 2
-5.929349 -6.247463 0
2.183312 -7.672458 2
-5.187107 -5.234007 0
5.035773 6.055037 1
10.230795 5.805898 1
-7.539415 -5.628370 0
-5.564691 -5.432392 0
-1.497435 -10.466195 4
6.447094 1.781827 1
-9.606996 1.034326 3
8.462143 6.099948 1
-9.434368 6.461665 3
-6.361128 -6.228153 0
-3.446023 -3.632323 0
-6.218513 0.157434 3
-6.205709 1.402663 3
-7.316385 -3.210931 0
-4.680385 -0.487893 3
8.175439 4.886904 1
-6.399313 4.027689 3
11.107185 2.599967 1
-4.615146 2.946442 3
-7.395121 1.557316 3
-6.485587 2.871299 3
1.219844 -8.763892 2
7.845115 3.630430 1
-0.258366 -10.279067 4
-3.441362 0.200347 3
-5.753853 -1.816617 3
-1.338917 -6.553668 4
-6.424493 -3.260150 0
-4.580130 -6.517215 0
2.877700 -8.161222 2
-7.479098 -7.891098 0
-8.947248 -3.817973 0
-1.453000 -9.941687 4
2.367813 -8.153273 2
-3.235449 1.719702 3
-8.241807 0.446538 3
-3.584236 1.934102 3
-4.080609 -8.874655 4
-2.446412 -7.494109 4
0.462816 -6.920869 2
-6.814655 -5.866571 0
-5.859744 -1.977409 3
-3.668226 1.601176 3
-9.057483 -1.590775 3
8.638469 3.788034 1
-6.228812 -2.030798 3
-6.575856 4.065739 3
-6.691704 -3.391286 0
-6.788874 -6.687055 0
-7.030845 -1.801335 3
5.323014 5.438282 1
0.772663 -7.979960 2
-4.274461 -7.251597 0
-7.586726 -3.086842 0
-4.339573 3.102702 3
-4.251232 -0.982191 3
0.444964 -10.074267 4
-5.209084 1.181148 3
-5.961264 0.892826 3
10.313418 6.802611 1
-4.318504 -1.452783 3
-5.619207 -5.627245 0
-8.412292 -2.375744 0
3.195881 -9.389494 2
-2.875950 -7.303363 4
1.249680 -7.637602 2
-5.534020 -5.015864 0
6.324897 3.752413 1
-8.423493 -7.358266 0
-6.223317 2.356462 3
-5.322745 0.257895 3
7.879812 3.540113 1
-4.584100 -6.074810 0
7.654541 1.424103 1
0.979004 -9.554658 2
-4.852263 1.759270 3
-4.869993 -5.136688 0
10.495324 5.545520 1
3.559538 -10.870621 2
-2.774889 -1.753185 3
9.035850 4.902234 1
10.698682 2.801803 1
10.268343 4.392128 1
11.630114 7.481959 1
-5.654263 1.750083 3
-6.572655 0.157601 3
-4.393242 0.291752 3
-7.046695 -8.765235 0
-6.018511 -1.969640 3
7.852484 1.737878 1
-7.877637 3.754112 3
3.052368 -7.143199 2
-7.767687 -0.740806 3
-1.300629 -7.433954 4
-6.164954 5.215849 3
-5.563962 1.031282 3
-9.202036 -3.286678 0
-5.050712 1.567864 3
-3.485362 -5.795734 0
-9.966938 6.081057 3
-5.581999 4.097262 3
-5.011204 -0.320919 3
-6.496255 -2.797264 0
-6.991435 -4.898978 0
-7.090841 -8.680325 0
-11.916404 2.806809 3
-2.988209 0.233376 3
2.420568 -8.848968 2
-6.104024 1.922492 3
-3.455368 -2.692285 0
-4.771814 1.556651 3
-0.622378 3.062051 3
1.658190 -7.428719 2
7.764993 1.002254 1
-1.506631 -9.414212 4
-4.567364 3.362511 3
-5.890234 -0.018313 3
6.034465 3.056193 1
4.075917 -8.305396 2
-0.080334 -3.651186 2
-6.322317 -0.207669 3
-5.736084 0.650801 3
-0.973797 -7.823870 4
1.312151 -8.204242 2
-4.913253 2.259272 3
0.364737 -7.642465 2
-5.914966 -7.803737 0
-4.101295 -3.731439 0
0.569329 -10.495157 4
-6.394246 1.963149 3
8.996509 3.416637 1
-5.418547 0.277133 3
6.453587 6.911385 1
8.802773 8.381056 1
-6.322566 0.251484 3
-3.797446 2.911060 3
-1.446177 -8.235748 4
1.669471 -7.152854 2
-9.742980 -8.134578 0
-7.590595 -6.298505 0
2.981744 4.258268 1
10.440553 5.355134 1
11.098374 2.453128 1
2.315848 -9.306436 2
-3.840507 0.374960 3
12.080208 3.621868 1
-7.379599 -4.992217 0
-9.047658 -8.973175 0
1.712232 -9.923100 2
-5.534328 -2.718437 0
1.126266 -9.222490 2
-6.254410 -7.410277 0
-2.219786 -12.158257 4
-5.887369 -1.374772 3
3.692826 3.335685 1
-1.460671 0.274304 3
2.222455 -5.476950 2
-5.225035 1.113307 3
-4.231445 4.426820 3
1.771204 -10.327723 2
-7.283832 -1.694211 3
-2.146219 -8.859492 4
-4.523814 3.632902 3
-4.529566 -9.063190 4
-6.467927 -4.312006 0
-9.077888 -1.279679 3
-4.660496 3.108390 3
7.000572 4.185171 1
-8.577713 -1.446994 3
8.041298 3.065990 1
2.957078 -6.547094 2
-5.608992 -5.128766 0
-3.408656 0.455552 3
0.895986 -10.720367 4
-5.917487 -9.710547 0
-6.426469 -1.942112 3
-7.061800 -8.476637 0
-3.163730 -0.043436 3
-5.857382 1.695004 3
-3.234792 0.728474 3
7.511273 1.230956 1
7.762863 5.148832 1
-3.313600 -2.193996 3
-5.888475 -7.339267 0
-6.770647 -4.484771 0
-0.678545 -11.042349 4
10.459607 4.298180 1
-6.882681 3.512767 3
-0.669900 -8.680666 4
-6.025353 1.822517 3
10.471615 3.373968 1
1.272555 -8.797873 2
-2.318802 -0.089389 3
-2.122151 1.452174 3
2.547481 -6.828668 2
-4.786934 -4.501255 0
-5.307664 3.472924 3
-2.140313 -3.753316 0
-3.617427 2.587344 3
-3.899906 0.610295 3
2.140969 -8.768696 2
-5.350602 1.165014 3
-10.294863 2.805259 3
-5.455684 -4.379638 0
-10.423220 -10.064142 0
-6.219626 2.685817 3
5.048822 2.361413 1
-7.377006 0.254421 3
-7.006617 -7.744073 0
-7.759935 -5.191862 0
-4.870243 -4.407310 0
-9.333387 -6.487154 0
-5.034344 -0.016388 3
3.247285 -7.939552 2
-9.676823 2.118055 3
-5.291431 -4.451502 0
-6.849920 1.817203 3
-8.077084 0.005325 3
-2.480343 0.812123 3
-5.168765 3.130341 3
7.905704 5.555047 1
1.798629 -7.627050 2
-6.043107 -5.107624 0
0.783136 -7.485809 2
-5.928712 3.530506 3
-2.918423 -2.757441 0
-4.614149 2.920887 3
-0.424676 -7.917175 4
-4.769861 -4.505642 0
-2.336562 0.704491 3
9.365578 5.836054 1
-8.349138 4.399078 3
-1.744513 -4.726134 4
-6.172488 -4.045600 0
-5.622942 -0.056483 3
-2.120627 -8.584124 4
-6.218108 0.109635 3
-5.979978 4.259893 3
-8.330263 -0.414779 3
-4.108204 -0.138029 3
-4.892709 -5.453530 0
-5.961391 0.522678 3
-5.624712 1.153560 3
-6.180745 0.279592 3
0.178350 -9.788864 4
0.565555 -8.574619 2
-1.764796 -8.632687 4
-6.169942 2.096049 3
-6.576314 -0.680218 3
9.423088 3.751073 1
-0.433606 -5.738770 2
6.570680 4.119510 1
-6.425925 1.591020 3
10.366982 1.058582 1
5.582771 5.350060 1
3.367690 -6.670720 2
-3.699514 2.810721 3
-4.593901 -0.236991 3
-9.782022 -2.937095 0
-0.735291 -7.512314 4
-9.622673 -1.396104 3
-6.073402 0.560846 3
9.067127 3.587439 1
-6.868806 -7.291084 0
-7.447474 -5.399225 0
-5.350448 -6.480232 0
-0.086536 -11.045007 4
9.050515 4.081151 1
-4.649351 -9.423730 4
-6.170986 -6.442947 0
-6.523099 -0.297417 3
-4.835749 3.983275 3
-4.167067 -2.675037 0
-0.243642 -7.524782 4
0.531840 -7.922906 2
2.202351 -6.830316 2
-6.777139 -4.754789 0
-6.661500 -6.138267 0
9.159863 6.507704 1
-6.550852 0.331808 3
-4.227798 0.831985 3
0.211503 -9.814467 4
9.580548 3.187232 1
0.469023 -8.009998 2
-5.252790 0.394164 3
10.723557 7.094600 1
-4.727142 -4.086090 0
10.351038 5.338599 1
6.271044 4.765928 1
7.051637 6.058985 1
-6.125913 1.162526 3
-6.807419 2.951982 3
9.627233 6.047096 1
-6.147825 -0.804378 3
-1.655455 3.304697 3
0.512806 -7.047718 2
-4.524309 -6.347731 0
-2.786740 4.678750 3
9.979622 3.970970 1
-5.664402 0.135874 3
-3.521296 2.441255 3
-1.757123 -8.752378 4
-6.603093 2.409405 3
-5.347484 -4.169108 0
9.933437 -0.364247 1
-5.609201 -1.564916 3
-1.419295 -6.194903 4
-0.432521 -5.383665 2
-5.629630 -5.231481 0
-5.765005 -9.062334 0
-2.943943 -0.297210 3
-10.177452 0.328929 3
-5.151738 -3.509523 0
-2.563524 -1.939281 3
6.879450 4.856789 1
-5.504906 -5.848727 0
-1.148858 -5.644235 4
-4.560706 0.186729 3
-6.695428 3.023387 3
0.090754 -4.790218 2
-6.453371 -3.529138 0
-6.787388 -6.308634 0
-5.833593 0.421725 3
-4.261378 -1.234669 3
-0.757575 -14.347966 4
-9.279356 -7.197743 0
10.502514 5.026251 1
-5.693693 -3.387649 0
-10.095655 -1.571503 3
-6.322066 1.854216 3
-8.205896 -9.106789 0
0.543603 -6.998471 2
-3.382850 -11.940212 4
-6.322846 6.248723 3
2.596798 -10.636452 2
8.511651 7.194950 1
8.438551 4.114309 1
-5.548776 -6.166337 0
-6.914341 3.649860 3
-6.891882 -2.168894 0
-5.196453 3.358257 3
11.931106 2.191210 1
8.602020 1.510334 1
-9.189434 0.932671 3
-5.941122 1.965054 3
0.541659 -0.673603 3
1.004912 -8.887569 2
-7.295241 0.202188 3
-1.210427 -5.441750 4
-4.023128 1.567974 3
3.190571 -10.995876 2
-6.612083 -5.782072 0
6.591949 8.173523 1
-0.268391 -7.876938 4
5.902359 2.596897 1
0.063442 -10.443687 4
3.115036 -7.766624 2
-7.337745 0.431026 3
13.691254 4.517249 1
-3.545067 1.838421 3
9.495106 1.098912 1
-7.159861 -6.340180 0
-1.168144 -7.923332 4
-7.729923 2.967684 3
9.584566 2.591929 1
-3.434474 0.673975 3
-7.406984 -0.307308 3
-1.137556 -6.617318 4
6.875877 4.370338 1
-0.689683 -8.064144 4
-6.531153 -6.024239 0
-8.771421 2.407875 3
-3.523562 2.499858 3
11.419546 1.801740 1
-1.403566 -1.286682 3
-3.946534 -0.893421 3
-1.561957 -11.669233 4
9.310643 3.252860 1
-2.646637 -7.419454 4
9.068707 5.020147 1
-3.487763 -1.568738 3
-4.433976 -2.174936 3
-3.571958 0.317340 3
-8.750569 -8.826637 0
0.532372 -10.032500 4
-5.801952 -6.967706 0
1.391560 -9.146157 2
-9.104746 -1.128880 3
-3.771504 2.460188 3
-6.991676 5.409243 3
-4.367436 -4.693119 0
-3.817377 -0.569841 3
-4.884309 2.722505 3
-3.504346 3.481811 3
-9.973484 2.114518 3
-2.297884 1.094181 3
12.227442 4.642350 1
-1.489380 -9.998378 4
-3.845308 -8.835439 4
10.851399 1.354372 1
-9.274380 0.526791 3
-5.042072 3.179322 3
-5.962508 -11.167110 4
0.725817 -9.627251 2
-6.445488 -7.408908 0
0.969780 -7.695883 2
-3.610170 0.512859 3
-5.886930 -7.966762 0
10.232123 1.765338 1
-8.618700 2.490514 3
-7.770097 1.523126 3
-5.700627 3.031387 3
-6.374568 0.658920 3
-6.929802 -9.549604 0
-1.500593 -2.077919 3
-0.436542 -8.535327 4
-6.406489 -1.417348 3
-7.854923 4.103584 3
-2.767606 -1.081408 3
5.902271 0.685920 1
5.682173 0.881521 1
0.665158 -8.663478 2
-2.965802 2.490393 3
-1.141403 -9.254506 4
-2.219125 -4.439703 0
-5.863789 0.300754 3
5.097667 -6.439051 2
-4.145633 -0.153830 3
-3.663922 3.115569 3
-4.359087 -1.426745 3
-7.128563 -0.477020 3
1.009881 -9.204392 2
-0.409798 -6.631594 2
-5.339713 -1.054842 3
11.618777 1.758401 1
-4.140354 -2.404536 0
1.299998 -8.200568 2
-5.485714 -4.111463 0
9.492661 3.911101 1
0.756495 -8.520992 2
-8.168701 0.500140 3
-6.436563 0.190000 3
10.364120 3.744392 1
-0.440726 -9.316278 4
10.277319 1.612301 1
-6.599204 3.750538 3
6.664027 3.561575 1
-3.309722 -0.988276 3
-5.016681 -5.742988 0
-4.084814 0.431229 3
1.337064 -9.397665 2
-4.856954 -3.573592 0
2.069627 -10.247969 2
-3.241877 -2.707263 0
-4.631587 2.406876 3
0.333070 -12.732116 4
1.608364 -7.642846 2
-4.950865 3.416428 3
-5.536006 2.927357 3
-7.647210 1.592925 3
-2.380735 -0.543754 3
0.001351 -8.114664 4
-7.958582 -3.587545 0
-6.043002 1.424783 3
-3.902085 3.854228 3
-2.171548 -10.121744 4
-8.383286 -2.961058 0
-3.160835 -2.016161 3
-6.917093 -0.062621 3
7.441225 1.347138 1
-4.292150 -0.171846 3
8.424327 5.307763 1
-5.568203 1.311128 3
-5.012499 -3.577926 0
12.219885 7.298242 1
-9.136355 1.324031 3
-6.210734 2.748615 3
-8.383405 4.869243 3
-2.903183 2.690121 3
-1.216243 1.673076 3
-7.211845 -2.190180 0
6.151599 5.036917 1
-3.923826 1.506215 3
4.957943 -9.575752 2
-3.261642 -7.500207 4
-1.029369 1.549323 3
-0.497621 -10.454117 4
-6.866495 -0.313861 3
-4.893742 -6.642096 0
-7.569335 2.731789 3
-4.623142 0.696033 3
0.769131 -8.758074 2
-3.930047 2.117177 3
-1.672724 -5.406472 4
9.423917 2.957441 1
8.691459 5.100142 1
7.429542 1.562564 1
-8.965700 -7.270888 0
-10.137163 -6.880673 0
-3.088624 -0.480722 3
0.013879 -4.719627 2
2.754670 -7.018116 2
-4.969885 1.504070 3
-9.804438 1.408578 3
8.929501 6.297718 1
-7.143715 1.065908 3
-8.171407 2.875550 3
-9.782545 0.462293 3
-7.505453 0.846913 3
-4.175490 -0.769151 3
-7.095305 0.460619 3
-6.559187 -7.247826 0
-7.196579 -11.797241 0
-7.732078 5.169337 3
-8.551414 1.847601 3
-2.763451 1.930153 3
9.434341 7.169526 1
-7.625881 -7.018561 0
8.638872 1.343585 1
-0.390612 4.580725 3
-0.890443 -7.555624 4
-8.054628 -0.930510 3
-5.774904 2.548956 3
0.317129 -7.299113 2
-6.077842 0.024542 3
-2.164645 -9.194115 4
0.673001 -9.381971 2
-4.379089 1.668074 3
11.827541 -0.096905 1
-7.325317 2.614790 3
-5.416980 0.407308 3
-7.286106 -2.030580 0
-11.739408 2.261333 3
-6.772701 4.099212 3
9.378452 2.622005 1
-1.220322 -8.994341 4
-4.143056 3.493214 3
-8.350204 3.297598 3
10.345417 1.635998 1
-4.219717 -2.556439 0
0.640652 -12.144526 4
-5.346922 4.871619 3
-8.145864 -7.897101 0
-0.569959 -8.540825 4
-8.671001 3.028100 3
-6.235042 2.142756 3
-5.016818 -7.556964 0
8.002053 4.464722 1
-7.926911 3.320814 3
-5.475672 1.744704 3
-8.857043 -6.707054 0
-6.831362 0.743660 3
8.890431 4.623967 1
-6.120846 -8.307441 0
-1.137050 -1.298172 3
9.497784 5.781857 1
-3.832296 -2.747005 0
-1.606183 -8.574306 4
10.888466 1.104064 1
-2.094757 -0.245789 3
10.345007 2.799027 1
-4.500865 -6.838249 0
-5.729232 1.343544 3
-8.489678 1.262477 3
-4.482642 -1.135153 3
-4.453188 -6.176012 0
-6.510686 -7.653024 0
-3.741540 3.466628 3
9.396745 3.123838 1
-5.398858 5.414329 3
-6.324395 0.750458 3
7.436124 3.836798 1
-3.906052 -2.600653 0
6.988336 3.848776 1
-6.318160 -4.214282 0
-9.088875 -7.165876 0
0.465795 -8.367880 2
0.492853 -7.688712 2
-5.513653 2.381156 3
-7.652735 -4.743962 0
-3.604913 1.436517 3
-2.588895 -3.187810 0
-5.520267 4.570401 3
11.768789 4.422273 1
-4.627917 1.452207 3
-0.683102 -4.677794 2
-6.333462 5.576870 3
-4.848330 1.803877 3
-5.732872 1.162493 3
-5.944400 -5.475292 0
10.549748 1.668031 1
-6.692922 1.437973 3
-2.645014 -9.194930 4
8.732141 4.011227 1
-6.120383 -5.144869 0
-5.294936 2.340383 3
-0.023504 -11.034177 4
-3.583093 -8.069245 4
6.716801 1.099542 1
8.382587 0.514607 1
-6.017582 -7.109580 0
-6.649477 1.768757 3
10.275421 3.114040 1
-4.232568 -4.809450 0
-6.137980 0.004087 3
-4.806356 -1.808468 3
-3.590665 0.701563 3
-2.548396 0.558220 3
3.389309 -7.034756 2
-4.892130 -6.193069 0
-6.250640 1.155770 3
-3.803956 2.399866 3
-0.400925 -9.475411 4
-5.195692 1.311177 3
2.454604 -9.032965 2
1.807480 -9.601557 2
10.720376 2.735760 1
12.299784 4.802869 1
0.023021 -11.067578 4
7.839698 0.516068 1
-10.228260 1.177917 3
0.498786 -13.139412 4
-4.665679 -0.102394 3
2.599303 -9.966647 2
-8.596899 0.151135 3
10.111300 2.927171 1
-7.783784 2.706853 3
-4.016955 -0.489691 3
0.360271 -8.510558 2
-5.339326 3.862866 3
-5.494776 -4.368786 0
-1.174192 -8.003933 4
-7.379509 1.082494 3
-6.143167 -4.541418 0
-4.759983 -6.659696 0
-5.999742 -4.018853 0
10.318755 4.592158 1
-4.898462 -2.459323 0
-1.515708 -0.368535 3
-4.927884 -3.032994 0
0.542210 -8.606878 2
-5.996805 1.176307 3
-5.246031 -0.669695 3
-5.112990 1.513224 3
-2.661516 -7.133405 4
9.725646 5.760441 1
11.618001 3.469620 1
-5.262008 0.000748 3
-4.660196 -1.007132 3
-4.535715 -8.805706 4
0.035108 -7.318160 2
2.526988 -6.842848 2
-6.408772 -0.206623 3
-7.592128 -5.447884 0
-9.273249 -6.125991 0
-2.002220 -1.212353 3
-3.996537 5.573905 3
4.407969 2.143719 1
-3.868952 -4.699515 0
-6.737915 1.748092 3
-2.756475 -4.806887 0
-3.190532 -3.070923 0
-7.322633 -6.773745 0
-6.379423 3.121198 3
-4.909876 0.841397 3
3.258090 -5.929252 2
0.670157 -10.383754 4
9.946418 7.381681 1
-7.027782 -2.968082 0
0.379926 -7.937200 2
11.837888 4.869921 1
-7.399581 0.984304 3
1.630822 -7.469756 2
-3.989410 1.977908 3
4.751318 4.730185 1
14.344156 7.234762 1
-6.590957 -0.215108 3
-2.747375 -7.270092 4
-9.902679 -6.544941 0
-3.993313 -0.432517 3
-6.414747 -7.076326 0
-6.313221 -1.369176 3
-3.374699 -6.359912 0
-8.114527 0.495817 3
6.736883 -0.195811 1
-4.859095 0.363646 3
-8.897957 0.153131 3
-3.401945 2.585367 3
9.324067 2.745654 1
-4.886828 -3.794769 0
-4.155834 1.700321 3
-6.171537 -4.161244 0
9.594690 0.715996 1
3.251414 -10.034075 2
-1.137670 -6.467445 4
7.105407 4.052337 1
6.483131 -1.137561 1
-7.893548 -5.220105 0
-2.621667 1.269881 3
-2.126791 -9.140421 4
0.129616 -10.619490 4
-3.929145 -1.025479 3
10.233190 4.617346 1
-6.593178 1.255334 3
7.030875 6.537803 1
-5.865124 -0.128005 3
11.249550 2.279843 1
-7.204350 2.600773 3
8.252460 8.183323 1
6.839542 1.970247 1
-5.777751 -7.370806 0
-7.397863 4.287837 3
-2.457025 -7.681125 4
-2.354326 -1.416443 3
-7.774848 0.769560 3
8.989983 2.725587 1
-6.007131 -1.152610 3
-5.316697 1.182855 3
-6.074646 4.257766 3
-1.204240 1.179121 3
-8.590618 -6.218834 0
-7.863527 0.191711 3
-5.748038 -5.567139 0
11.115818 1.196933 1
-10.270794 3.669817 3
0.759839 -11.149558 4
-5.201584 1.541244 3
-3.509050 0.568502 3
8.500144 1.990600 1
-2.836611 0.358427 3
-6.984617 -5.496129 0
-2.670586 -0.843397 3
-7.748641 -8.802134 0
0.835379 -6.497043 2
-7.333427 -6.690845 0
-7.275941 6.488524 3
1.923927 -10.681219 2
1.342041 -5.812762 2
-6.689829 1.119255 3
-5.510559 -2.424249 0
9.852268 3.312386 1
9.086869 2.825270 1
10.360147 4.384102 1
-2.048448 -0.650856 3
-7.558333 -3.843546 0
-6.257310 -6.076066 0
-3.100175 -7.147367 4
1.084508 -11.202230 4
-5.892292 -5.363877 0
9.934256 3.810293 1
-6.387314 -9.094361 0
12.899166 5.868217 1
-5.928608 0.859123 3
-6.081667 -4.292278 0
-7.051689 1.625245 3
7.010656 1.763522 1
-9.026030 0.084184 3
-6.719917 -3.416100 0
-5.904128 0.602751 3
12.341883 5.861557 1
-0.628107 -0.486641 3
-6.955044 -3.208927 0
-0.851411 -8.520826 4
6.648685 1.899693 1
7.579926 0.322721 1
8.855697 5.821388 1
9.162086 5.152460 1
-1.239689 -6.864492 4
-8.811359 -2.658889 0
9.529436 -0.268894 1
-4.281089 1.034527 3
9.483443 4.691099 1
13.060820 5.161954 1
-7.915857 -7.109489 0
9.241387 1.876925 1
-8.693331 -1.240461 3
-5.426146 0.718629 3
-6.639207 -3.003368 0
3.050828 -10.000823 2
-2.185697 5.676246 3
-2.513787 -6.164651 4
-4.418298 1.682366 3
-3.581189 0.159330 3
0.192124 -5.736232 2
-7.443759 -1.323307 3
-6.985560 -1.773239 3
-6.339614 2.287298 3
9.714581 2.254306 1
-5.038209 -6.286315 0
-6.495381 -4.712032 0
8.429849 5.531273 1
1.585033 -5.570230 2
-7.387361 -1.958468 0
-1.322466 -8.315354 4
-7.032069 -1.714167 3
-7.035696 0.964173 3
0.320958 -9.480943 4
10.403082 2.470903 1
-5.069458 -5.616740 0
1.461445 -3.038722 2
-6.917037 -6.840961 0
-1.044608 -6.532123 4
8.507113 3.803460 1
-5.115050 -1.641555 3
-1.592717 0.157172 3
-5.454518 1.288346 3
8.341253 2.972516 1
4.399665 -10.049387 2
-7.847862 -4.761898 0
-4.379917 -7.146648 0
-4.436262 -6.758171 0
-1.121201 0.903556 3
-2.434099 -5.192258 0
10.355769 2.359641 1
-2.768210 0.722659 3
-0.109712 -9.168312 4
-5.624785 -7.213651 0
-2.043842 -8.798955 4
-8.127732 -0.771508 3
10.441293 5.608613 1
-7.694953 -4.426223 0
0.428405 -10.578657 4
-5.641280 1.420219 3
8.999188 5.435315 1
-9.182178 0.303040 3
5.476091 3.445046 1
-4.060532 1.858291 3
4.313604 -10.095233 2
9.932405 5.702466 1
1.650278 -5.720623 2
-8.256864 3.038918 3
-2.935435 -3.408762 0
-5.777893 -0.637241 3
